((("threading" .
   [0 0 0 1 0 0 1 0 0])
  ("args" .
   [0 0 0 1])
  ("countdown" .
   [0 0 0 1 0 0 0 0 0])
  ("code" .
   [0 0 1 0])
  ("target" .
   [0 0 0 0 0 1])
  ("Thread" .
   [1 0 0 0 0 0])
  ("print" .
   [0 0 1 0 0])
  ("sleep" .
   [2 0 0 1 0])
  ("True" .
   [0 0 1 1])
  ("start" .
   [1 0 0 0 0])
  ("export" .
   [0 0 0 0 2 4])
  ("include" .
   [0 0 0 0 0 0 2])
  ("vector" .
   [0 0 0 2 0 1])
  ("i" .
   [1])
  ("nums" .
   [7 0 10 3])
  ("size" .
   [5 0 4 7])
  ("sizeof" .
   [0 0 0 0 1 0])
  ("dp1" .
   [8 0 1])
  ("n" .
   [1])
  ("max" .
   [7 0 0])
  ("dp" .
   [3 0])
  ("return" .
   [0 0 0 0 0 4])
  ("main" .
   [1 0 0 0])
  ("Solution" .
   [0 0 0 1 0 0 0 0])
  ("rob" .
   [0 0 1])
  ("test" .
   [0 0 0 1])))
